Testing << operator for SBlockPent
Blocks of row 0 :
  2.45959  0.767369   1.13659 -0.511436   1.29631
 0.767369  0.557756  0.124955 -0.480089  0.434794
  1.13659  0.124955   1.39678 -0.660623   0.87062
-0.511436 -0.480089 -0.660623   1.43841 -0.103395
  1.29631  0.434794   0.87062 -0.103395   2.02476
and
-0.198111 0.0258648 0.0485744   0.05349 -0.295083
-0.740419  0.678224 -0.012834  0.539828  0.615449
-0.782382   0.22528   0.94555 -0.199543  0.838053
 0.997849 -0.407937 -0.414966  0.783059 -0.860489
-0.563486  0.275105  0.542715 -0.433371  0.898654
and
 0.0519907  -0.302214   -0.52344  0.0795207  0.0632129
 -0.827888  -0.871657   0.941268  -0.249586  -0.921439
 -0.615572  -0.959954   0.804416   0.520497  -0.124725
  0.326454 -0.0845965    0.70184  0.0250707    0.86367
  0.780465  -0.873808  -0.466669   0.335448    0.86162
Blocks of row 1 :
  2.00404 -0.268103  0.719872   1.47818  0.578303
-0.268103  0.998932 -0.624354 -0.414036 -0.704678
 0.719872 -0.624354    1.3562  0.264672  0.555007
  1.47818 -0.414036  0.264672   1.39611  0.523152
 0.578303 -0.704678  0.555007  0.523152   1.34829
and
 -0.0350187    0.762124    0.572004   -0.447531   -0.793658
   -0.56835    0.282161   -0.385084    0.112888   -0.747849
   0.900505   -0.136093   -0.105933   -0.166997 -0.00911187
   0.840257    0.239193   -0.547787   -0.660786     0.52095
   -0.70468   -0.437881   -0.624934    0.813608    0.969503
and
 0.870008 -0.411679  0.464297  -0.85094 -0.519875
  0.36889 -0.535477  -0.74905  0.900208  0.595596
-0.233623  0.168977  0.586941 -0.894941  0.465309
 0.499542 -0.511175 -0.671796 0.0431268  0.313127
-0.262673  -0.69522  0.490143 -0.647579   0.93481
Blocks of row 2 :
  1.70973 -0.149629 -0.151866 -0.200617  0.285164
-0.149629   2.61093 -0.108288 -0.610035 -0.874023
-0.151866 -0.108288    3.3575 -0.332314 -0.824778
-0.200617 -0.610035 -0.332314   2.71469  -1.49229
 0.285164 -0.874023 -0.824778  -1.49229    2.2411
and
 -0.639255  -0.281809   -0.80072   0.153942   0.495606
 -0.673737    0.10497   0.061616   0.755228   0.666477
  -0.21662    0.15886   0.514588   0.495619   0.850753
  0.826053 -0.0948483   -0.39141    0.25782   0.746543
   0.63939   0.374775   0.984457  -0.929158   0.662075
and
   0.958868 -0.00548296    0.299414   -0.366266   -0.552687
   0.487622   -0.672064   -0.503912   -0.342446    0.302264
   0.806733    0.660024    0.258959   -0.537144   0.0213719
   0.967191    0.777898   -0.541726   -0.851678    0.942931
   0.333761   -0.846011     0.40124    0.266144   -0.439916
Blocks of row 3 :
   2.31154  0.0946611  0.0124606 -0.0771893   0.329465
 0.0946611   0.358648  -0.590634  -0.328572   0.340106
 0.0124606  -0.590634    1.58865   0.119858  -0.580365
-0.0771893  -0.328572   0.119858    1.11276  -0.689243
  0.329465   0.340106  -0.580365  -0.689243   0.668226
and
 0.347873  0.254316  0.841829 -0.824713 -0.777449
  0.27528  0.461459  0.369513 -0.479006 -0.276798
-0.305768 -0.343251  0.306261  0.754768  0.153381
-0.630755  0.480877 -0.485469   0.37225  0.186423
 0.218212 -0.595574 0.0648819  -0.81252  0.333113
and
-0.422444  0.968726 -0.127006 -0.757714  0.832546
 0.551534 -0.992843  0.917274  0.371572  0.723834
-0.423241  0.654782  0.837861 -0.232336 -0.592904
-0.340716 -0.337042  0.529743  0.548547  0.587314
-0.620498 -0.623598  0.398151  0.886103 0.0960841
Blocks of row 4 :
  0.785899 -0.0109004   -1.10163  -0.461835   0.038062
-0.0109004    2.00613   0.345704  -0.333253  -0.447031
  -1.10163   0.345704    1.81108   0.495457  0.0218142
 -0.461835  -0.333253   0.495457    1.61749   0.251753
  0.038062  -0.447031  0.0218142   0.251753   0.409006
and
  -0.757482    0.816969   -0.330057    -0.69754   -0.423461
  -0.723523    0.244191   -0.211346    -0.85491   -0.337228
  -0.279115    0.673656    0.317662   -0.784303   -0.817703
  -0.350386    0.636255    0.217766    0.294415   -0.145345
   0.863791 -0.00785116   -0.482188   -0.272803    0.868989
and
  0.167141  -0.685456   0.115121  -0.347973   0.795121
 -0.469077   0.766073  -0.147601    0.45872  -0.727851
  0.317493   0.251331   0.659878   0.277308  -0.178424
  0.523556  0.0354294  -0.211223   0.969689  -0.989183
-0.0251463  -0.584313  -0.511346  -0.323514   0.566564
Blocks of row 5 :
  2.07181 -0.221855   -2.0046 0.0170063   1.23441
-0.221855  0.819964 -0.227442  -1.19289 -0.566745
  -2.0046 -0.227442   2.89784  0.252035  -1.33205
0.0170063  -1.19289  0.252035   2.03893  0.886857
  1.23441 -0.566745  -1.33205  0.886857   1.40236
and
 -0.761777  -0.276166   0.219458   0.659617 -0.0365333
  0.179273  -0.391429  0.0514942   -0.85982  -0.549018
   0.15727   0.777447   0.237851  -0.802325   0.653539
 0.0597984 -0.0468307   0.192392   0.847456  -0.418343
  0.190091  -0.660359  -0.532688  -0.660701  -0.285614
Blocks of row 6 :
   1.45511   0.150179 -0.0793486   0.230033  -0.827319
  0.150179    1.25361  -0.331914   0.624272  0.0741289
-0.0793486  -0.331914   0.922079   0.297709  -0.223444
  0.230033   0.624272   0.297709    1.20578  -0.798157
 -0.827319  0.0741289  -0.223444  -0.798157    1.74192
End of testing for << operator for SBlockPent
