Testing setBlocks method for SBlockPent
Blocks of row 0 :
   1.35359  -0.177072  -0.427002  -0.334167   0.204271
 -0.177072    1.59973   0.434429  -0.125667  0.0554624
 -0.427002   0.434429   0.852662 -0.0187837   0.489707
 -0.334167  -0.125667 -0.0187837   0.455667   0.401693
  0.204271  0.0554624   0.489707   0.401693    1.38684
and
  0.355625  -0.624767  -0.988582  -0.637678  -0.373541
 -0.694248   0.237917  -0.389522  -0.317291   0.770028
 -0.934215   0.400602  -0.476859   0.334681   -0.62747
 -0.872879   0.135662   0.310736   0.758019  -0.685722
  0.371444  -0.997749    0.71511    0.30661 0.00692197
and
  0.657915   0.412133  -0.533762   0.105137   0.314402
  0.351308   0.737848   0.853152   0.878258     0.9906
   0.80834  0.0947942   0.102886   0.599291   0.871703
 -0.617777   0.477919    0.86684   0.628277  -0.350917
 -0.210957   0.864969 -0.0111862   0.188995   0.748619
Blocks of row 1 :
   1.70008   0.175935    0.34155  -0.471232  -0.009162
  0.175935   0.922342   0.412982 -0.0553639   0.511093
   0.34155   0.412982   0.387853   0.237264   0.358041
 -0.471232 -0.0553639   0.237264    1.71491  -0.199082
 -0.009162   0.511093   0.358041  -0.199082   0.773189
and
 -0.774704  -0.230683  -0.505935   0.625894  -0.882554
  -0.02038   0.275313  -0.186467   0.165365  -0.851479
 0.0206981 -0.0957552  -0.965087  -0.106515   0.281533
 -0.903001  -0.712036   0.435193 -0.0452772    0.19456
  0.628703  -0.173844   0.147442    0.99033  -0.554795
and
 -0.560424  -0.122876   0.534027   0.899641  -0.083922
  0.260486   0.701173  -0.332862 -0.0676628   0.560448
  0.847025   0.905325   0.073485   0.768636   0.532895
  0.475877   0.897822  -0.561728   0.934554   0.809563
-0.0742955   0.798172 -0.0448975  -0.632469  -0.484829
Blocks of row 2 :
   1.11412    1.03342  -0.263048   -0.22709   0.158317
   1.03342    1.71409  -0.962521 -0.0649013   0.630813
 -0.263048  -0.962521    1.97057  -0.314215  -0.514739
  -0.22709 -0.0649013  -0.314215   0.186162   0.214148
  0.158317   0.630813  -0.514739   0.214148   0.677784
and
 -0.514748   0.202853  -0.104037  -0.689327   0.495276
 -0.962178   0.541372 -0.0245586  -0.414222 -0.0483887
 -0.312317   0.774394   0.590463   0.764409  -0.454026
 -0.981853   0.866545   0.278018  -0.267944   0.893281
  0.847385  -0.653871   0.931363   0.798863  -0.755348
and
   0.731358   -0.435432   -0.746662   -0.760021    0.228453
   0.246389   -0.665669   -0.544896  -0.0763044   -0.858886
   0.437333   -0.594046    0.893849     0.29709   -0.212508
   0.849079     0.25225   -0.972267    0.830441 -0.00713807
  -0.631868   -0.647522   -0.678351   -0.798286    -0.12683
Blocks of row 3 :
  2.99801  -1.20396  -1.11313   -1.3623  0.391417
 -1.20396   1.54639 -0.496362  0.529454   0.35866
 -1.11313 -0.496362   2.05101  0.868712 -0.701424
  -1.3623  0.529454  0.868712  0.876098 -0.369378
 0.391417   0.35866 -0.701424 -0.369378  0.802746
and
  0.808374  -0.621873  -0.511703   0.891003   0.174022
 -0.374121   0.182221  -0.727659  -0.887956  -0.662326
  0.504957  -0.893121   0.178237   0.850439    0.16917
 -0.404134  -0.797092  -0.883895    -0.0619 -0.0472907
  0.618741   -0.68545   0.779106  -0.486062   0.631098
and
 0.852135 -0.471656 -0.304908  0.359808 -0.334216
0.0530451   0.26717 -0.588572  0.290268 -0.570952
   0.1645 0.0763506 0.0452573 -0.113322  0.518417
 0.458795 -0.966699 -0.198029 -0.461955 -0.483777
-0.549529  0.863036 -0.385663  0.406372  0.367148
Blocks of row 4 :
  3.02276  0.784104 0.0935551 -0.730318  0.326569
 0.784104   2.22954   1.92351 -0.143485 -0.133488
0.0935551   1.92351     2.793 -0.154486 -0.265206
-0.730318 -0.143485 -0.154486  0.437886  0.283421
 0.326569 -0.133488 -0.265206  0.283421  0.619083
and
  0.416525  -0.618033  -0.510283   0.734938   -0.98604
  0.640292 -0.0327033    0.42271  -0.667812   0.157225
 0.0148191   0.846762   0.222482 -0.0481053   0.472924
-0.0650583  -0.913211  -0.814283   0.514564   0.487454
 -0.843484  -0.831178    0.92313    0.55501   0.845144
and
 -0.807192  -0.521358  -0.653399   0.690546   0.308057
  0.575285   0.619486   0.875428  -0.316921  -0.352034
   0.89287  -0.809915   0.521724   0.384927   0.200984
 -0.797039   0.493461  -0.806637 -0.0869716  -0.740048
 -0.450207  -0.445573   0.962217  -0.131204   -0.83747
Blocks of row 5 :
 0.930628  0.804536 -0.713123 -0.385005 -0.133866
 0.804536    2.4605  -1.07397   1.16262 -0.023254
-0.713123  -1.07397  0.885565  0.311293  0.108043
-0.385005   1.16262  0.311293    2.4715 -0.318793
-0.133866 -0.023254  0.108043 -0.318793    0.8743
and
-0.831631  0.734395  0.855732  0.400679  0.843102
 0.560501 -0.874652 -0.780951 0.0788268 -0.556548
 0.571865 -0.905635 -0.224008  -0.18677  0.578487
 0.369354 0.0541499  0.192383  0.644852 -0.251598
 0.820453 -0.645734  0.276819  0.155357 -0.236225
Blocks of row 6 :
   1.76803   0.452558    0.41182  -0.838693   -1.03747
  0.452558    1.33273   0.326337 -0.0916267   0.660011
   0.41182   0.326337    1.00232   0.275428   0.265855
 -0.838693 -0.0916267   0.275428    1.34229   0.337171
  -1.03747   0.660011   0.265855   0.337171    2.12174
End of testing for << operator for SBlockPent
