The original SBlockTrid matrix is
   2.45959   0.767369    1.13659  -0.511436    1.29631  -0.198111  0.0258648  0.0485744    0.05349  -0.295083          0          0          0          0          0          0          0          0          0          0          0          0          0          0          0          0          0          0          0          0          0          0          0          0          0
  0.767369   0.557756   0.124955  -0.480089   0.434794  -0.740419   0.678224  -0.012834   0.539828   0.615449          0          0          0          0          0          0          0          0          0          0          0          0          0          0          0          0          0          0          0          0          0          0          0          0          0
   1.13659   0.124955    1.39678  -0.660623    0.87062  -0.782382    0.22528    0.94555  -0.199543   0.838053          0          0          0          0          0          0          0          0          0          0          0          0          0          0          0          0          0          0          0          0          0          0          0          0          0
 -0.511436  -0.480089  -0.660623    1.43841  -0.103395   0.997849  -0.407937  -0.414966   0.783059  -0.860489          0          0          0          0          0          0          0          0          0          0          0          0          0          0          0          0          0          0          0          0          0          0          0          0          0
   1.29631   0.434794    0.87062  -0.103395    2.02476  -0.563486   0.275105   0.542715  -0.433371   0.898654          0          0          0          0          0          0          0          0          0          0          0          0          0          0          0          0          0          0          0          0          0          0          0          0          0
 -0.198111  -0.740419  -0.782382   0.997849  -0.563486   0.378345  -0.350407   -0.12945  -0.268243   0.630068   0.441905   0.375723  -0.339326   0.912937    0.84794          0          0          0          0          0          0          0          0          0          0          0          0          0          0          0          0          0          0          0          0
 0.0258648   0.678224    0.22528  -0.407937   0.275105  -0.350407    3.24252    2.08856  -0.337986   -1.20139  -0.431413  -0.668052  -0.542064    0.17728  -0.203127          0          0          0          0          0          0          0          0          0          0          0          0          0          0          0          0          0          0          0          0
 0.0485744  -0.012834    0.94555  -0.414966   0.542715   -0.12945    2.08856      2.234   0.350152  0.0501215   0.477069  -0.119791   0.786745   0.314608   0.629534          0          0          0          0          0          0          0          0          0          0          0          0          0          0          0          0          0          0          0          0
   0.05349   0.539828  -0.199543   0.783059  -0.433371  -0.268243  -0.337986   0.350152    1.35286   0.753746   0.279958    0.76015   -0.29928   0.717353   0.368437          0          0          0          0          0          0          0          0          0          0          0          0          0          0          0          0          0          0          0          0
 -0.295083   0.615449   0.838053  -0.860489   0.898654   0.630068   -1.20139  0.0501215   0.753746    2.44536  -0.291903   0.658402    0.37334   -0.12088   0.821944          0          0          0          0          0          0          0          0          0          0          0          0          0          0          0          0          0          0          0          0
         0          0          0          0          0   0.441905  -0.431413   0.477069   0.279958  -0.291903    1.73942   0.557691   -0.11388  -0.278201   -1.80008   0.870008  -0.411679   0.464297   -0.85094  -0.519875          0          0          0          0          0          0          0          0          0          0          0          0          0          0          0
         0          0          0          0          0   0.375723  -0.668052  -0.119791    0.76015   0.658402   0.557691    1.12295  -0.521447  -0.663312  -0.115592    0.36889  -0.535477   -0.74905   0.900208   0.595596          0          0          0          0          0          0          0          0          0          0          0          0          0          0          0
         0          0          0          0          0  -0.339326  -0.542064   0.786745   -0.29928    0.37334   -0.11388  -0.521447   0.868623   0.887734  -0.653478  -0.233623   0.168977   0.586941  -0.894941   0.465309          0          0          0          0          0          0          0          0          0          0          0          0          0          0          0
         0          0          0          0          0   0.912937    0.17728   0.314608   0.717353   -0.12088  -0.278201  -0.663312   0.887734    1.77134  -0.387077   0.499542  -0.511175  -0.671796  0.0431268   0.313127          0          0          0          0          0          0          0          0          0          0          0          0          0          0          0
         0          0          0          0          0    0.84794  -0.203127   0.629534   0.368437   0.821944   -1.80008  -0.115592  -0.653478  -0.387077    2.68075  -0.262673   -0.69522   0.490143  -0.647579    0.93481          0          0          0          0          0          0          0          0          0          0          0          0          0          0          0
         0          0          0          0          0          0          0          0          0          0   0.870008    0.36889  -0.233623   0.499542  -0.262673    1.70973  -0.149629  -0.151866  -0.200617   0.285164  -0.639255  -0.281809   -0.80072   0.153942   0.495606          0          0          0          0          0          0          0          0          0          0
         0          0          0          0          0          0          0          0          0          0  -0.411679  -0.535477   0.168977  -0.511175   -0.69522  -0.149629    2.61093  -0.108288  -0.610035  -0.874023  -0.673737    0.10497   0.061616   0.755228   0.666477          0          0          0          0          0          0          0          0          0          0
         0          0          0          0          0          0          0          0          0          0   0.464297   -0.74905   0.586941  -0.671796   0.490143  -0.151866  -0.108288     3.3575  -0.332314  -0.824778   -0.21662    0.15886   0.514588   0.495619   0.850753          0          0          0          0          0          0          0          0          0          0
         0          0          0          0          0          0          0          0          0          0   -0.85094   0.900208  -0.894941  0.0431268  -0.647579  -0.200617  -0.610035  -0.332314    2.71469   -1.49229   0.826053 -0.0948483   -0.39141    0.25782   0.746543          0          0          0          0          0          0          0          0          0          0
         0          0          0          0          0          0          0          0          0          0  -0.519875   0.595596   0.465309   0.313127    0.93481   0.285164  -0.874023  -0.824778   -1.49229     2.2411    0.63939   0.374775   0.984457  -0.929158   0.662075          0          0          0          0          0          0          0          0          0          0
         0          0          0          0          0          0          0          0          0          0          0          0          0          0          0  -0.639255  -0.673737   -0.21662   0.826053    0.63939    1.44872   0.278741    1.03239   0.551738   0.590464  0.0922138   0.888636  -0.993537   0.350952  -0.634888          0          0          0          0          0
         0          0          0          0          0          0          0          0          0          0          0          0          0          0          0  -0.281809    0.10497    0.15886 -0.0948483   0.374775   0.278741    1.15201 0.00971288   0.798478   0.305022   0.438537 -0.0981649  -0.310114 -0.0340994   0.243646          0          0          0          0          0
         0          0          0          0          0          0          0          0          0          0          0          0          0          0          0   -0.80072   0.061616   0.514588   -0.39141   0.984457    1.03239 0.00971288    1.44249    1.63104  -0.337586  -0.773439  -0.327298   0.196963 -0.0361284  -0.918271          0          0          0          0          0
         0          0          0          0          0          0          0          0          0          0          0          0          0          0          0   0.153942   0.755228   0.495619    0.25782  -0.929158   0.551738   0.798478    1.63104    3.44853   -1.19414 -0.0570331   0.695369   0.666487  -0.390089  -0.172033          0          0          0          0          0
         0          0          0          0          0          0          0          0          0          0          0          0          0          0          0   0.495606   0.666477   0.850753   0.746543   0.662075   0.590464   0.305022  -0.337586   -1.19414    1.25248    0.18508  -0.130973  -0.532217   0.424175   0.391968          0          0          0          0          0
         0          0          0          0          0          0          0          0          0          0          0          0          0          0          0          0          0          0          0          0  0.0922138   0.438537  -0.773439 -0.0570331    0.18508    2.17895    1.13442  -0.677556  -0.957743   0.390182  -0.422444   0.968726  -0.127006  -0.757714   0.832546
         0          0          0          0          0          0          0          0          0          0          0          0          0          0          0          0          0          0          0          0   0.888636 -0.0981649  -0.327298   0.695369  -0.130973    1.13442   0.731327  -0.533395  -0.361028   0.106208   0.551534  -0.992843   0.917274   0.371572   0.723834
         0          0          0          0          0          0          0          0          0          0          0          0          0          0          0          0          0          0          0          0  -0.993537  -0.310114   0.196963   0.666487  -0.532217  -0.677556  -0.533395   0.898311   0.188679   -0.40459  -0.423241   0.654782   0.837861  -0.232336  -0.592904
         0          0          0          0          0          0          0          0          0          0          0          0          0          0          0          0          0          0          0          0   0.350952 -0.0340994 -0.0361284  -0.390089   0.424175  -0.957743  -0.361028   0.188679     1.0381  -0.695895  -0.340716  -0.337042   0.529743   0.548547   0.587314
         0          0          0          0          0          0          0          0          0          0          0          0          0          0          0          0          0          0          0          0  -0.634888   0.243646  -0.918271  -0.172033   0.391968   0.390182   0.106208   -0.40459  -0.695895    1.17769  -0.620498  -0.623598   0.398151   0.886103  0.0960841
         0          0          0          0          0          0          0          0          0          0          0          0          0          0          0          0          0          0          0          0          0          0          0          0          0  -0.422444   0.551534  -0.423241  -0.340716  -0.620498   0.785899 -0.0109004   -1.10163  -0.461835   0.038062
         0          0          0          0          0          0          0          0          0          0          0          0          0          0          0          0          0          0          0          0          0          0          0          0          0   0.968726  -0.992843   0.654782  -0.337042  -0.623598 -0.0109004    2.00613   0.345704  -0.333253  -0.447031
         0          0          0          0          0          0          0          0          0          0          0          0          0          0          0          0          0          0          0          0          0          0          0          0          0  -0.127006   0.917274   0.837861   0.529743   0.398151   -1.10163   0.345704    1.81108   0.495457  0.0218142
         0          0          0          0          0          0          0          0          0          0          0          0          0          0          0          0          0          0          0          0          0          0          0          0          0  -0.757714   0.371572  -0.232336   0.548547   0.886103  -0.461835  -0.333253   0.495457    1.61749   0.251753
         0          0          0          0          0          0          0          0          0          0          0          0          0          0          0          0          0          0          0          0          0          0          0          0          0   0.832546   0.723834  -0.592904   0.587314  0.0960841   0.038062  -0.447031  0.0218142   0.251753   0.409006
The resulting SBlockPent is:
    10.0044     3.27747     5.89422    -3.17946      7.0459    -3.47605     1.99654      2.2922   -0.731897      1.4693   0.0255791   -0.251156  -0.0347553  -0.0869549   -0.365495           0           0           0           0           0           0           0           0           0           0           0           0           0           0           0           0           0           0           0           0
    3.27747     3.01366     2.94011    -2.59535       3.192    -1.65998     2.25169     2.28702    0.911933     1.65531   -0.654435   0.0858193  -0.0582825   -0.246906  -0.0689184           0           0           0           0           0           0           0           0           0           0           0           0           0           0           0           0           0           0           0           0
    5.89422     2.94011     6.75192    -4.74665     6.43045    -2.47608      2.9779     4.77725   -0.218535     3.44566   -0.292328   -0.157632     1.25987   -0.621297    0.501396           0           0           0           0           0           0           0           0           0           0           0           0           0           0           0           0           0           0           0           0
   -3.17946    -2.59535    -4.74665     5.69612    -3.81729      2.2892    -2.87284    -2.97349     1.15216    -2.44482    0.889378    0.725841   -0.999549     1.37385    0.248977           0           0           0           0           0           0           0           0           0           0           0           0           0           0           0           0           0           0           0           0
     7.0459       3.192     6.43045    -3.81729      8.4209    -2.20138     2.41356     3.77561   -0.488839     3.73577   -0.492423   -0.198262    0.934262   -0.714423    0.386948           0           0           0           0           0           0           0           0           0           0           0           0           0           0           0           0           0           0           0           0
   -3.47605    -1.65998    -2.47608      2.2892    -2.20138     5.26848    -3.71916    -1.87228     2.33321    0.151801   -0.765904    0.744409 -0.00942987    0.589486     2.03213    0.835655    -1.49663    -0.47312   -0.243865     0.91468           0           0           0           0           0           0           0           0           0           0           0           0           0           0           0
    1.99654     2.25169      2.9779    -2.87284     2.41356    -3.71916     18.3088     11.2046    -2.16355    -6.71206    -1.04618    -4.39817   -0.126204     1.28937   -0.158073   -0.353217     0.49433   -0.236716    0.390023   -0.560209           0           0           0           0           0           0           0           0           0           0           0           0           0           0           0
     2.2922     2.28702     4.77725    -2.97349     3.77561    -1.87228     11.2046     12.2143    0.134069   0.0777022   -0.356379    -1.97251     1.14272      2.1588     1.24939     0.17886   -0.597797    0.870213    -1.61199    0.733723           0           0           0           0           0           0           0           0           0           0           0           0           0           0           0
  -0.731897    0.911933   -0.218535     1.15216   -0.488839     2.33321    -2.16355    0.134069     5.23836      2.7266    0.435237     2.25509    0.134063    0.965001     1.49339    0.855465     -1.1957   -0.916395    0.506249    0.736984           0           0           0           0           0           0           0           0           0           0           0           0           0           0           0
     1.4693     1.65531     3.44566    -2.44482     3.73577    0.151801    -6.71206   0.0777022      2.7266     12.4552    -1.31116     3.58336    0.534014   0.0667358     5.55309   -0.374588   -0.678944   0.0744993  -0.0305132     1.44812           0           0           0           0           0           0           0           0           0           0           0           0           0           0           0
  0.0255791   -0.654435   -0.292328    0.889378   -0.492423   -0.765904    -1.04618   -0.356379    0.435237    -1.31116     9.57616     1.58396     1.12734   0.0958523     -6.8628     3.58054   0.0778642     1.81052    -1.33442    -2.06523    -1.41469   -0.328758   -0.661806    0.316791   -0.427652           0           0           0           0           0           0           0           0           0           0
  -0.251156   0.0858193   -0.157632    0.725841   -0.198262    0.744409    -4.39817    -1.97251     2.25509     3.58336     1.58396     6.05942    -2.60143   -0.654002    0.236107      1.5341    -2.94148    -3.80267     3.10579     1.00294     1.41165   -0.141329   -0.479835    -1.04017    0.255057           0           0           0           0           0           0           0           0           0           0
 -0.0347553  -0.0582825     1.25987   -0.999549    0.934262 -0.00942987   -0.126204     1.14272    0.134063    0.534014     1.12734    -2.60143     4.95645     2.06563   -0.637435  -0.0808767     1.02525     1.83233    -4.06353     1.49982   -0.533399    0.436086     1.30788   -0.280529    0.136133           0           0           0           0           0           0           0           0           0           0
 -0.0869549   -0.246906   -0.621297     1.37385   -0.714423    0.589486     1.28937      2.1588    0.965001   0.0667358   0.0958523   -0.654002     2.06563     7.14806   -0.465184     1.40565    -1.65327    -3.03963   -0.743138     2.13615    0.406422   -0.187893   -0.485807   -0.921933   -0.425133           0           0           0           0           0           0           0           0           0           0
  -0.365495  -0.0689184    0.501396    0.248977    0.386948     2.03213   -0.158073     1.24939     1.49339     5.55309     -6.8628    0.236107   -0.637435   -0.465184     15.0706     -2.3766    -3.22427     1.64627    -2.57922     6.13755     0.59291    0.490676     1.59346    -1.35811  -0.0410707           0           0           0           0           0           0           0           0           0           0
          0           0           0           0           0    0.835655   -0.353217     0.17886    0.855465   -0.374588     3.58054      1.5341  -0.0808767     1.40565     -2.3766     5.75486   -0.626476     -1.2161   -0.957181    0.134096    -2.39638    -0.63227    -2.83109    -2.18643    0.901265    0.519723   -0.236193    0.403636  -0.0356375     1.24025           0           0           0           0           0
          0           0           0           0           0    -1.49663     0.49433   -0.597797     -1.1957   -0.678944   0.0778642    -2.94148     1.02525    -1.65327    -3.22427   -0.626476     10.6998     1.74743    -1.63165    -4.71129     -2.7757    0.769381  0.00444614     4.17111   0.0860574   0.0165277   -0.191307    0.797605   -0.254158    0.528057           0           0           0           0           0
          0           0           0           0           0    -0.47312   -0.236716    0.870213   -0.916395   0.0744993     1.81052    -3.80267     1.83233    -3.03963     1.64627     -1.2161     1.74743     15.2174     -2.2641    -3.70655   -0.321618     1.07008     2.20213     3.77943     2.13536   -0.219121   -0.143302    0.144848   0.0675013  -0.0480912           0           0           0           0           0
          0           0           0           0           0   -0.243865    0.390023    -1.61199    0.506249  -0.0305132    -1.33442     3.10579    -4.06353   -0.743138    -2.57922   -0.957181    -1.63165     -2.2641     14.3443    -6.31315      3.2488   -0.326285    -2.12383     1.16942     1.46802    0.460776    0.952982    -1.09388    0.523372   0.0601264           0           0           0           0           0
          0           0           0           0           0     0.91468   -0.560209    0.733723    0.736984     1.44812    -2.06523     1.00294     1.49982     2.13615     6.13755    0.134096    -4.71129    -3.70655    -6.31315     13.4085     2.71085    0.757883     2.42857    -5.22917     1.32515   -0.362574   -0.523637    -1.52922    0.819338    -0.79927           0           0           0           0           0
          0           0           0           0           0           0           0           0           0           0    -1.41469     1.41165   -0.533399    0.406422     0.59291    -2.39638     -2.7757   -0.321618      3.2488     2.71085     8.20761     1.68656     4.36561     2.73043     1.09195    0.833505     2.31876    -2.37488    0.706399    -2.12294     1.14604    -1.16587  -0.0959017    0.121092     1.45419
          0           0           0           0           0           0           0           0           0           0   -0.328758   -0.141329    0.436086   -0.187893    0.490676    -0.63227    0.769381     1.07008   -0.326285    0.757883     1.68656     2.75928     1.64165     2.89219    0.524106     1.71633     1.27602   -0.890805   -0.771931    0.673808   -0.247709    0.178784    -0.32663  -0.0995203    0.481298
          0           0           0           0           0           0           0           0           0           0   -0.661806   -0.479835     1.30788   -0.485807     1.59346    -2.83109  0.00444614     2.20213    -2.12383     2.42857     4.36561     1.64165     9.54171     8.24046    -2.38369    -3.68544    0.316419     1.76238     1.02803    -3.86313    0.644951    0.289481   -0.421712   -0.414832    -1.10706
          0           0           0           0           0           0           0           0           0           0    0.316791    -1.04017   -0.280529   -0.921933    -1.35811    -2.18643     4.17111     3.77943     1.16942    -5.22917     2.73043     2.89219     8.24046     19.8028     -5.7056   -0.758689     2.64338     2.72185    -2.10018      -2.864    0.365184  -0.0704826    0.928369   -0.219675   -0.184947
          0           0           0           0           0           0           0           0           0           0   -0.427652    0.255057    0.136133   -0.425133  -0.0410707    0.901265   0.0860574     2.13536     1.46802     1.32515     1.09195    0.524106    -2.38369     -5.7056     6.62783     1.11122   -0.102606    -2.82239     1.14329     1.14587   -0.312904   -0.426553   -0.208803    0.514753    0.661623
          0           0           0           0           0           0           0           0           0           0           0           0           0           0           0    0.519723   0.0165277   -0.219121    0.460776   -0.362574    0.833505     1.71633    -3.68544   -0.758689     1.11122     10.8001     3.28804    -3.15604    -3.92045     2.22774    0.255154     2.40475   0.0571341    -2.45835     2.20979
          0           0           0           0           0           0           0           0           0           0           0           0           0           0           0   -0.236193   -0.191307   -0.143302    0.952982   -0.523637     2.31876     1.27602    0.316419     2.64338   -0.102606     3.28804     6.44834     -2.7632   -0.638046     1.69483   -0.503296    -2.04903    0.841197    0.746027     2.46267
          0           0           0           0           0           0           0           0           0           0           0           0           0           0           0    0.403636    0.797605    0.144848    -1.09388    -1.52922    -2.37488   -0.890805     1.76238     2.72185    -2.82239    -3.15604     -2.7632     5.31479    0.549141    -1.31611    -1.37944     2.60043     2.37031   -0.281202    -2.00239
          0           0           0           0           0           0           0           0           0           0           0           0           0           0           0  -0.0356375   -0.254158   0.0675013    0.523372    0.819338    0.706399   -0.771931     1.02803    -2.10018     1.14329    -3.92045   -0.638046    0.549141     4.25901   -0.819897   -0.874938    -1.29638     1.72424     2.06779   -0.100165
          0           0           0           0           0           0           0           0           0           0           0           0           0           0           0     1.24025    0.528057  -0.0480912   0.0601264    -0.79927    -2.12294    0.673808    -3.86313      -2.864     1.14587     2.22774     1.69483    -1.31611   -0.819897     5.41416    -1.75371     -1.9371     1.43931     2.64874    0.872266
          0           0           0           0           0           0           0           0           0           0           0           0           0           0           0           0           0           0           0           0     1.14604   -0.247709    0.644951    0.365184   -0.312904    0.255154   -0.503296    -1.37944   -0.874938    -1.75371     3.20897    -1.00655    -3.31526    -1.75593  -0.0512168
          0           0           0           0           0           0           0           0           0           0           0           0           0           0           0           0           0           0           0           0    -1.16587    0.178784    0.289481  -0.0704826   -0.426553     2.40475    -2.04903     2.60043    -1.29638     -1.9371    -1.00655     7.31045    0.244809    -3.13632    -1.71464
          0           0           0           0           0           0           0           0           0           0           0           0           0           0           0           0           0           0           0           0  -0.0959017    -0.32663   -0.421712    0.928369   -0.208803   0.0571341    0.841197     2.37031     1.72424     1.43931    -3.31526    0.244809     6.85774     2.98355    0.387518
          0           0           0           0           0           0           0           0           0           0           0           0           0           0           0           0           0           0           0           0    0.121092  -0.0995203   -0.414832   -0.219675    0.514753    -2.45835    0.746027   -0.281202     2.06779     2.64874    -1.75593    -3.13632     2.98355     5.10172    0.835566
          0           0           0           0           0           0           0           0           0           0           0           0           0           0           0           0           0           0           0           0     1.45419    0.481298    -1.10706   -0.184947    0.661623     2.20979     2.46267    -2.00239   -0.100165    0.872266  -0.0512168    -1.71464    0.387518    0.835566      2.3552